[00000|00000|00000|00000|00000]
[10000|00000|00000|00000|00000]
[10000|01000|00000|00000|00000]
[10000|01000|00100|00000|00000]
[10000|01000|00101|00000|00000]
[10000|01000|00101|01000|00000]
[10000|01000|00101|01010|00000]
[10000|01000|00101|01010|00100]
[10000|01000|00101|01000|00100]
[10000|01000|00101|01000|00010]
[10000|01000|00101|00010|00000]
[10000|01000|00101|00010|01000]
[10000|01000|00101|00010|00100]
[10000|01000|00101|00000|01000]
[10000|01000|00101|00000|01010]
[10000|01000|00101|00000|00100]
[10000|01000|00101|00000|00010]
[10000|01000|00100|01000|00000]
[10000|01000|00100|01010|00000]
[10000|01000|00100|01010|00100]
[10000|01000|00100|01010|00001]
[10000|01000|00100|01001|00000]
[10000|01000|00100|01001|00100]
[10000|01000|00100|01001|00010]
[10000|01000|00100|01000|00100]
[10000|01000|00100|01000|00010]
[10000|01000|00100|00010|00000]
[10000|01000|00100|00010|01000]
[10000|01000|00100|00010|00001]
[10000|01000|00100|00001|00000]
[10000|01000|00100|00001|01000]
[10000|01000|00100|00001|01010]
[10000|01000|00100|00001|00010]
[10000|01000|00100|00000|01000]
[10000|01000|00100|00000|01010]
[10000|01000|00010|00000|00000]
[10000|01000|00010|01000|00000]
[10000|01000|00010|01001|00000]
[10000|01000|00010|01001|00100]
[10000|01000|00010|01001|00010]
[10000|01000|00010|01000|00100]
[10000|01000|00010|01000|00010]
[10000|01000|00010|01000|00001]
[10000|01000|00010|00100|00000]
[10000|01000|00010|00101|00000]
[10000|01000|00010|00101|01000]
[10000|01000|00010|00101|01010]
[10000|01000|00010|00101|00010]
[10000|01000|00010|00100|01000]
[10000|01000|00010|00100|01010]
[10000|01000|00010|00100|00001]
[10000|01000|00010|00001|00000]
[10000|01000|00010|00001|01000]
[10000|01000|00010|00001|01010]
[10000|01000|00010|00001|00100]
[10000|01000|00010|00001|00010]
[10000|01000|00010|00000|01000]
[10000|01000|00010|00000|01010]
[10000|01000|00010|00000|00100]
[10000|01000|00010|00000|00010]
[10000|01000|00001|00000|00000]
[10000|01000|00001|01000|00000]
[10000|01000|00001|01010|00000]
[10000|01000|00001|01010|00100]
[10000|01000|00001|01000|00100]
[10000|01000|00001|01000|00010]
[10000|01000|00001|00010|00000]
[10000|01000|00001|00010|01000]
[10000|01000|00001|00010|00100]
[10000|01000|00001|00000|01000]
[10000|01000|00001|00000|01010]
[10000|01000|00001|00000|00100]
[10000|01000|00001|00000|00010]
[10000|01000|00000|01000|00000]
[10000|01000|00000|01010|00000]
[10000|01000|00000|01010|00100]
[10000|01000|00000|01010|00001]
[10000|01000|00000|01001|00000]
[10000|01000|00000|01001|00100]
[10000|01000|00000|01001|00010]
[10000|01000|00000|01000|00100]
[10000|01000|00000|01000|00010]
[10000|01000|00000|00010|00000]
[10000|01000|00000|00010|01000]
[10000|01000|00000|00010|00001]
[10000|01000|00000|00001|00000]
[10000|01000|00000|00001|01000]
[10000|01000|00000|00001|01010]
[10000|01000|00000|00001|00010]
[10000|01000|00000|00000|01000]
[10000|01000|00000|00000|01010]
[10000|00000|10000|00000|00000]
[10000|00000|10100|00000|00000]
[10000|00000|10101|00000|00000]
[10000|00000|10101|01000|00000]
[10000|00000|10101|01010|00000]
[10000|00000|10101|01010|10000]
[10000|00000|10101|01010|10100]
[10000|00000|10101|01010|10101]
[10000|00000|10101|01010|10001]
[10000|00000|10101|01010|00100]
[10000|00000|10101|01010|00101]
[10000|00000|10101|01010|00001]
[10000|00000|10101|01000|10000]
[10000|00000|10101|01000|10100]
[10000|00000|10101|01000|10101]
[10000|00000|10101|01000|10010]
[10000|00000|10101|01000|10001]
[10000|00000|10101|01000|00100]
[10000|00000|10101|01000|00101]
[10000|00000|10101|01000|00010]
[10000|00000|10101|01000|00001]
[10000|00000|10101|00010|00000]
[10000|00000|10101|00010|10000]
[10000|00000|10101|00010|10100]
[10000|00000|10101|00010|10101]
[10000|00000|10101|00010|10001]
[10000|00000|10101|00010|01000]
[10000|00000|10101|00010|01001]
[10000|00000|10101|00010|00100]
[10000|00000|10101|00010|00101]
[10000|00000|10101|00010|00001]
[10000|00000|10101|00000|10000]
[10000|00000|10101|00000|10100]
[10000|00000|10101|00000|10101]
[10000|00000|10101|00000|10010]
[10000|00000|10101|00000|10001]
[10000|00000|10101|00000|01000]
[10000|00000|10101|00000|01010]
[10000|00000|10101|00000|01001]
[10000|00000|10101|00000|00100]
[10000|00000|10101|00000|00101]
[10000|00000|10101|00000|00010]
[10000|00000|10101|00000|00001]
[10000|00000|10100|01000|00000]
[10000|00000|10100|01010|00000]
[10000|00000|10100|01010|10000]
[10000|00000|10100|01010|10100]
[10000|00000|10100|01010|10101]
[10000|00000|10100|01010|10001]
[10000|00000|10100|01010|00100]
[10000|00000|10100|01010|00101]
[10000|00000|10100|01010|00001]
[10000|00000|10100|01001|00000]
[10000|00000|10100|01001|10000]
[10000|00000|10100|01001|10100]
[10000|00000|10100|01001|10010]
[10000|00000|10100|01001|00100]
[10000|00000|10100|01001|00010]
[10000|00000|10100|01000|10000]
[10000|00000|10100|01000|10100]
[10000|00000|10100|01000|10101]
[10000|00000|10100|01000|10010]
[10000|00000|10100|01000|10001]
[10000|00000|10100|01000|00100]
[10000|00000|10100|01000|00101]
[10000|00000|10100|01000|00010]
[10000|00000|10100|01000|00001]
[10000|00000|10100|00010|00000]
[10000|00000|10100|00010|10000]
[10000|00000|10100|00010|10100]
[10000|00000|10100|00010|10101]
[10000|00000|10100|00010|10001]
[10000|00000|10100|00010|01000]
[10000|00000|10100|00010|01001]
[10000|00000|10100|00010|00100]
[10000|00000|10100|00010|00101]
[10000|00000|10100|00010|00001]
[10000|00000|10100|00001|00000]
[10000|00000|10100|00001|10000]
[10000|00000|10100|00001|10100]
[10000|00000|10100|00001|10010]
[10000|00000|10100|00001|01000]
[10000|00000|10100|00001|01010]
[10000|00000|10100|00001|00100]
[10000|00000|10100|00001|00010]
[10000|00000|10100|00000|10000]
[10000|00000|10100|00000|10100]
[10000|00000|10100|00000|10101]
[10000|00000|10100|00000|10010]
[10000|00000|10100|00000|10001]
[10000|00000|10100|00000|01000]
[10000|00000|10100|00000|01010]
[10000|00000|10100|00000|01001]
[10000|00000|10100|00000|00100]
[10000|00000|10100|00000|00101]
[10000|00000|10100|00000|00010]
[10000|00000|10100|00000|00001]
[10000|00000|10010|00000|00000]
[10000|00000|10010|01000|00000]
[10000|00000|10010|01001|00000]
[10000|00000|10010|01001|10000]
[10000|00000|10010|01001|10100]
[10000|00000|10010|01001|10010]
[10000|00000|10010|01001|00100]
[10000|00000|10010|01001|00010]
[10000|00000|10010|01000|10000]
[10000|00000|10010|01000|10100]
[10000|00000|10010|01000|10101]
[10000|00000|10010|01000|10010]
[10000|00000|10010|01000|10001]
[10000|00000|10010|01000|00100]
[10000|00000|10010|01000|00101]
[10000|00000|10010|01000|00010]
[10000|00000|10010|01000|00001]
[10000|00000|10010|00100|00000]
[10000|00000|10010|00101|00000]
[10000|00000|10010|00101|10000]
[10000|00000|10010|00101|10010]
[10000|00000|10010|00101|01000]
[10000|00000|10010|00101|01010]
[10000|00000|10010|00101|00010]
[10000|00000|10010|00100|10000]
[10000|00000|10010|00100|10010]
[10000|00000|10010|00100|10001]
[10000|00000|10010|00100|01000]
[10000|00000|10010|00100|01010]
[10000|00000|10010|00100|01001]
[10000|00000|10010|00100|00010]
[10000|00000|10010|00100|00001]
[10000|00000|10010|00001|00000]
[10000|00000|10010|00001|10000]
[10000|00000|10010|00001|10100]
[10000|00000|10010|00001|10010]
[10000|00000|10010|00001|01000]
[10000|00000|10010|00001|01010]
[10000|00000|10010|00001|00100]
[10000|00000|10010|00001|00010]
[10000|00000|10010|00000|10000]
[10000|00000|10010|00000|10100]
[10000|00000|10010|00000|10101]
[10000|00000|10010|00000|10010]
[10000|00000|10010|00000|10001]
[10000|00000|10010|00000|01000]
[10000|00000|10010|00000|01010]
[10000|00000|10010|00000|01001]
[10000|00000|10010|00000|00100]
[10000|00000|10010|00000|00101]
[10000|00000|10010|00000|00010]
[10000|00000|10010|00000|00001]
[10000|00000|10001|00000|00000]
[10000|00000|10001|01000|00000]
[10000|00000|10001|01010|00000]
[10000|00000|10001|01010|10000]
[10000|00000|10001|01010|10100]
[10000|00000|10001|01010|10101]
[10000|00000|10001|01010|10001]
[10000|00000|10001|01010|00100]
[10000|00000|10001|01010|00101]
[10000|00000|10001|01010|00001]
[10000|00000|10001|01000|10000]
[10000|00000|10001|01000|10100]
[10000|00000|10001|01000|10101]
[10000|00000|10001|01000|10010]
[10000|00000|10001|01000|10001]
[10000|00000|10001|01000|00100]
[10000|00000|10001|01000|00101]
[10000|00000|10001|01000|00010]
[10000|00000|10001|01000|00001]
[10000|00000|10001|00100|00000]
[10000|00000|10001|00100|10000]
[10000|00000|10001|00100|10010]
[10000|00000|10001|00100|10001]
[10000|00000|10001|00100|01000]
[10000|00000|10001|00100|01010]
[10000|00000|10001|00100|01001]
[10000|00000|10001|00100|00010]
[10000|00000|10001|00100|00001]
[10000|00000|10001|00010|00000]
[10000|00000|10001|00010|10000]
[10000|00000|10001|00010|10100]
[10000|00000|10001|00010|10101]
[10000|00000|10001|00010|10001]
[10000|00000|10001|00010|01000]
[10000|00000|10001|00010|01001]
[10000|00000|10001|00010|00100]
[10000|00000|10001|00010|00101]
[10000|00000|10001|00010|00001]
[10000|00000|10001|00000|10000]
[10000|00000|10001|00000|10100]
[10000|00000|10001|00000|10101]
[10000|00000|10001|00000|10010]
[10000|00000|10001|00000|10001]
[10000|00000|10001|00000|01000]
[10000|00000|10001|00000|01010]
[10000|00000|10001|00000|01001]
[10000|00000|10001|00000|00100]
[10000|00000|10001|00000|00101]
[10000|00000|10001|00000|00010]
[10000|00000|10001|00000|00001]
[10000|00000|10000|01000|00000]
[10000|00000|10000|01010|00000]
[10000|00000|10000|01010|10000]
[10000|00000|10000|01010|10100]
[10000|00000|10000|01010|10101]
[10000|00000|10000|01010|10001]
[10000|00000|10000|01010|00100]
[10000|00000|10000|01010|00101]
[10000|00000|10000|01010|00001]
[10000|00000|10000|01001|00000]
[10000|00000|10000|01001|10000]
[10000|00000|10000|01001|10100]
[10000|00000|10000|01001|10010]
[10000|00000|10000|01001|00100]
[10000|00000|10000|01001|00010]
[10000|00000|10000|01000|10000]
[10000|00000|10000|01000|10100]
[10000|00000|10000|01000|10101]
[10000|00000|10000|01000|10010]
[10000|00000|10000|01000|10001]
[10000|00000|10000|01000|00100]
[10000|00000|10000|01000|00101]
[10000|00000|10000|01000|00010]
[10000|00000|10000|01000|00001]
[10000|00000|10000|00100|00000]
[10000|00000|10000|00101|00000]
[10000|00000|10000|00101|10000]
[10000|00000|10000|00101|10010]
[10000|00000|10000|00101|01000]
[10000|00000|10000|00101|01010]
[10000|00000|10000|00101|00010]
[10000|00000|10000|00100|10000]
[10000|00000|10000|00100|10010]
[10000|00000|10000|00100|10001]
[10000|00000|10000|00100|01000]
[10000|00000|10000|00100|01010]
[10000|00000|10000|00100|01001]
[10000|00000|10000|00100|00010]
[10000|00000|10000|00100|00001]
[10000|00000|10000|00010|00000]
[10000|00000|10000|00010|10000]
[10000|00000|10000|00010|10100]
[10000|00000|10000|00010|10101]
[10000|00000|10000|00010|10001]
[10000|00000|10000|00010|01000]
[10000|00000|10000|00010|01001]
[10000|00000|10000|00010|00100]
[10000|00000|10000|00010|00101]
[10000|00000|10000|00010|00001]
[10000|00000|10000|00001|00000]
[10000|00000|10000|00001|10000]
[10000|00000|10000|00001|10100]
[10000|00000|10000|00001|10010]
[10000|00000|10000|00001|01000]
[10000|00000|10000|00001|01010]
[10000|00000|10000|00001|00100]
[10000|00000|10000|00001|00010]
[10000|00000|10000|00000|10000]
[10000|00000|10000|00000|10100]
[10000|00000|10000|00000|10101]
[10000|00000|10000|00000|10010]
[10000|00000|10000|00000|10001]
[10000|00000|10000|00000|01000]
[10000|00000|10000|00000|01010]
[10000|00000|10000|00000|01001]
[10000|00000|10000|00000|00100]
[10000|00000|10000|00000|00101]
[10000|00000|10000|00000|00010]
[10000|00000|10000|00000|00001]
[10000|00000|01000|00000|00000]
[10000|00000|01010|00000|00000]
[10000|00000|01010|10000|00000]
[10000|00000|01010|10100|00000]
[10000|00000|01010|10101|00000]
[10000|00000|01010|10101|01000]
[10000|00000|01010|10101|01010]
[10000|00000|01010|10101|00010]
[10000|00000|01010|10100|01000]
[10000|00000|01010|10100|01010]
[10000|00000|01010|10100|01001]
[10000|00000|01010|10100|00010]
[10000|00000|01010|10100|00001]
[10000|00000|01010|10001|00000]
[10000|00000|01010|10001|01000]
[10000|00000|01010|10001|01010]
[10000|00000|01010|10001|00100]
[10000|00000|01010|10001|00010]
[10000|00000|01010|10000|01000]
[10000|00000|01010|10000|01010]
[10000|00000|01010|10000|01001]
[10000|00000|01010|10000|00100]
[10000|00000|01010|10000|00101]
[10000|00000|01010|10000|00010]
[10000|00000|01010|10000|00001]
[10000|00000|01010|00100|00000]
[10000|00000|01010|00101|00000]
[10000|00000|01010|00101|10000]
[10000|00000|01010|00101|10010]
[10000|00000|01010|00101|01000]
[10000|00000|01010|00101|01010]
[10000|00000|01010|00101|00010]
[10000|00000|01010|00100|10000]
[10000|00000|01010|00100|10010]
[10000|00000|01010|00100|10001]
[10000|00000|01010|00100|01000]
[10000|00000|01010|00100|01010]
[10000|00000|01010|00100|01001]
[10000|00000|01010|00100|00010]
[10000|00000|01010|00100|00001]
[10000|00000|01010|00001|00000]
[10000|00000|01010|00001|10000]
[10000|00000|01010|00001|10100]
[10000|00000|01010|00001|10010]
[10000|00000|01010|00001|01000]
[10000|00000|01010|00001|01010]
[10000|00000|01010|00001|00100]
[10000|00000|01010|00001|00010]
[10000|00000|01010|00000|10000]
[10000|00000|01010|00000|10100]
[10000|00000|01010|00000|10101]
[10000|00000|01010|00000|10010]
[10000|00000|01010|00000|10001]
[10000|00000|01010|00000|01000]
[10000|00000|01010|00000|01010]
[10000|00000|01010|00000|01001]
[10000|00000|01010|00000|00100]
[10000|00000|01010|00000|00101]
[10000|00000|01010|00000|00010]
[10000|00000|01010|00000|00001]
[10000|00000|01001|00000|00000]
[10000|00000|01001|10000|00000]
[10000|00000|01001|10100|00000]
[10000|00000|01001|10100|01000]
[10000|00000|01001|10100|01010]
[10000|00000|01001|10100|01001]
[10000|00000|01001|10100|00010]
[10000|00000|01001|10100|00001]
[10000|00000|01001|10010|00000]
[10000|00000|01001|10010|01000]
[10000|00000|01001|10010|01001]
[10000|00000|01001|10010|00100]
[10000|00000|01001|10010|00101]
[10000|00000|01001|10010|00001]
[10000|00000|01001|10000|01000]
[10000|00000|01001|10000|01010]
[10000|00000|01001|10000|01001]
[10000|00000|01001|10000|00100]
[10000|00000|01001|10000|00101]
[10000|00000|01001|10000|00010]
[10000|00000|01001|10000|00001]
[10000|00000|01001|00100|00000]
[10000|00000|01001|00100|10000]
[10000|00000|01001|00100|10010]
[10000|00000|01001|00100|10001]
[10000|00000|01001|00100|01000]
[10000|00000|01001|00100|01010]
[10000|00000|01001|00100|01001]
[10000|00000|01001|00100|00010]
[10000|00000|01001|00100|00001]
[10000|00000|01001|00010|00000]
[10000|00000|01001|00010|10000]
[10000|00000|01001|00010|10100]
[10000|00000|01001|00010|10101]
[10000|00000|01001|00010|10001]
[10000|00000|01001|00010|01000]
[10000|00000|01001|00010|01001]
[10000|00000|01001|00010|00100]
[10000|00000|01001|00010|00101]
[10000|00000|01001|00010|00001]
[10000|00000|01001|00000|10000]
[10000|00000|01001|00000|10100]
[10000|00000|01001|00000|10101]
[10000|00000|01001|00000|10010]
[10000|00000|01001|00000|10001]
[10000|00000|01001|00000|01000]
[10000|00000|01001|00000|01010]
[10000|00000|01001|00000|01001]
[10000|00000|01001|00000|00100]
[10000|00000|01001|00000|00101]
[10000|00000|01001|00000|00010]
[10000|00000|01000|10000|00000]
[10000|00000|01000|10100|00000]
[10000|00000|01000|10101|00000]
[10000|00000|01000|10101|01000]
[10000|00000|01000|10101|01010]
[10000|00000|01000|10101|00010]
[10000|00000|01000|10100|01000]
[10000|00000|01000|10100|01010]
[10000|00000|01000|10100|01001]
[10000|00000|01000|10100|00010]
[10000|00000|01000|10100|00001]
[10000|00000|01000|10010|00000]
[10000|00000|01000|10010|01000]
[10000|00000|01000|10010|01001]
[10000|00000|01000|10010|00100]
[10000|00000|01000|10010|00101]
[10000|00000|01000|10010|00001]
[10000|00000|01000|10001|00000]
[10000|00000|01000|10001|01000]
[10000|00000|01000|10001|01010]
[10000|00000|01000|10001|00100]
[10000|00000|01000|10001|00010]
[10000|00000|01000|10000|01000]
[10000|00000|01000|10000|01010]
[10000|00000|01000|10000|01001]
[10000|00000|01000|10000|00100]
[10000|00000|01000|10000|00010]
[10000|00000|01000|10000|00001]
[10000|00000|01000|00100|00000]
[10000|00000|01000|00101|00000]
[10000|00000|01000|00101|10000]
[10000|00000|01000|00101|10010]
[10000|00000|01000|00101|01000]
[10000|00000|01000|00101|01010]
[10000|00000|01000|00101|00010]
[10000|00000|01000|00100|10000]
[10000|00000|01000|00100|10010]
[10000|00000|01000|00100|10001]
[10000|00000|01000|00100|01000]
[10000|00000|01000|00100|01010]
[10000|00000|01000|00100|00010]
[10000|00000|01000|00100|00001]
[10000|00000|01000|00010|00000]
[10000|00000|01000|00010|10000]
[10000|00000|01000|00010|10100]
[10000|00000|01000|00010|10101]
[10000|00000|01000|00010|10001]
[10000|00000|01000|00010|01000]
[10000|00000|01000|00010|01001]
[10000|00000|01000|00010|00100]
[10000|00000|01000|00010|00101]
[10000|00000|01000|00010|00001]
[10000|00000|01000|00001|00000]
[10000|00000|01000|00001|10000]
[10000|00000|01000|00001|10100]
[10000|00000|01000|00001|10010]
[10000|00000|01000|00001|01000]
[10000|00000|01000|00001|01010]
[10000|00000|01000|00001|00100]
[10000|00000|01000|00001|00010]
[10000|00000|01000|00000|10000]
[10000|00000|01000|00000|10100]
[10000|00000|01000|00000|10010]
[10000|00000|01000|00000|10001]
[10000|00000|01000|00000|01000]
[10000|00000|01000|00000|01010]
[10000|00000|01000|00000|01001]
[10000|00000|01000|00000|00100]
[10000|00000|01000|00000|00010]
[10000|00000|01000|00000|00001]
[10000|00000|00100|00000|00000]
[10000|00000|00101|00000|00000]
[10000|00000|00101|10000|00000]
[10000|00000|00101|10010|00000]
[10000|00000|00101|10010|01000]
[10000|00000|00101|10010|01001]
[10000|00000|00101|10010|00100]
[10000|00000|00101|10010|00101]
[10000|00000|00101|10010|00001]
[10000|00000|00101|10000|01000]
[10000|00000|00101|10000|01010]
[10000|00000|00101|10000|01001]
[10000|00000|00101|10000|00100]
[10000|00000|00101|10000|00101]
[10000|00000|00101|10000|00010]
[10000|00000|00101|10000|00001]
[10000|00000|00101|01000|00000]
[10000|00000|00101|01010|00000]
[10000|00000|00101|01010|10000]
[10000|00000|00101|01010|10100]
[10000|00000|00101|01010|10101]
[10000|00000|00101|01010|10001]
[10000|00000|00101|01010|00100]
[10000|00000|00101|01010|00101]
[10000|00000|00101|01010|00001]
[10000|00000|00101|01000|10000]
[10000|00000|00101|01000|10100]
[10000|00000|00101|01000|10101]
[10000|00000|00101|01000|10010]
[10000|00000|00101|01000|10001]
[10000|00000|00101|01000|00100]
[10000|00000|00101|01000|00101]
[10000|00000|00101|01000|00010]
[10000|00000|00101|01000|00001]
[10000|00000|00101|00010|00000]
[10000|00000|00101|00010|10000]
[10000|00000|00101|00010|10100]
[10000|00000|00101|00010|10101]
[10000|00000|00101|00010|10001]
[10000|00000|00101|00010|01000]
[10000|00000|00101|00010|01001]
[10000|00000|00101|00010|00100]
[10000|00000|00101|00010|00101]
[10000|00000|00101|00010|00001]
[10000|00000|00101|00000|10000]
[10000|00000|00101|00000|10100]
[10000|00000|00101|00000|10101]
[10000|00000|00101|00000|10010]
[10000|00000|00101|00000|10001]
[10000|00000|00101|00000|01000]
[10000|00000|00101|00000|01010]
[10000|00000|00101|00000|01001]
[10000|00000|00101|00000|00100]
[10000|00000|00101|00000|00101]
[10000|00000|00101|00000|00010]
[10000|00000|00100|10000|00000]
[10000|00000|00100|10010|00000]
[10000|00000|00100|10010|01000]
[10000|00000|00100|10010|01001]
[10000|00000|00100|10010|00100]
[10000|00000|00100|10010|00101]
[10000|00000|00100|10010|00001]
[10000|00000|00100|10001|00000]
[10000|00000|00100|10001|01000]
[10000|00000|00100|10001|01010]
[10000|00000|00100|10001|00100]
[10000|00000|00100|10001|00010]
[10000|00000|00100|10000|01000]
[10000|00000|00100|10000|01010]
[10000|00000|00100|10000|01001]
[10000|00000|00100|10000|00100]
[10000|00000|00100|10000|00010]
[10000|00000|00100|10000|00001]
[10000|00000|00100|01000|00000]
[10000|00000|00100|01010|00000]
[10000|00000|00100|01010|10000]
[10000|00000|00100|01010|10100]
[10000|00000|00100|01010|10101]
[10000|00000|00100|01010|10001]
[10000|00000|00100|01010|00100]
[10000|00000|00100|01010|00101]
[10000|00000|00100|01010|00001]
[10000|00000|00100|01001|00000]
[10000|00000|00100|01001|10000]
[10000|00000|00100|01001|10100]
[10000|00000|00100|01001|10010]
[10000|00000|00100|01001|00100]
[10000|00000|00100|01001|00010]
[10000|00000|00100|01000|10000]
[10000|00000|00100|01000|10100]
[10000|00000|00100|01000|10010]
[10000|00000|00100|01000|10001]
[10000|00000|00100|01000|00100]
[10000|00000|00100|01000|00010]
[10000|00000|00100|01000|00001]
[10000|00000|00100|00010|00000]
[10000|00000|00100|00010|10000]
[10000|00000|00100|00010|10100]
[10000|00000|00100|00010|10101]
[10000|00000|00100|00010|10001]
[10000|00000|00100|00010|01000]
[10000|00000|00100|00010|01001]
[10000|00000|00100|00010|00001]
[10000|00000|00100|00001|00000]
[10000|00000|00100|00001|10000]
[10000|00000|00100|00001|10100]
[10000|00000|00100|00001|10010]
[10000|00000|00100|00001|01000]
[10000|00000|00100|00001|01010]
[10000|00000|00100|00001|00010]
[10000|00000|00100|00000|10000]
[10000|00000|00100|00000|10100]
[10000|00000|00100|00000|10010]
[10000|00000|00100|00000|10001]
[10000|00000|00100|00000|01000]
[10000|00000|00100|00000|01010]
[10000|00000|00100|00000|00001]
[10000|00000|00010|00000|00000]
[10000|00000|00010|10000|00000]
[10000|00000|00010|10100|00000]
[10000|00000|00010|10101|00000]
[10000|00000|00010|10101|01000]
[10000|00000|00010|10101|01010]
[10000|00000|00010|10101|00010]
[10000|00000|00010|10100|01000]
[10000|00000|00010|10100|01010]
[10000|00000|00010|10100|01001]
[10000|00000|00010|10100|00010]
[10000|00000|00010|10100|00001]
[10000|00000|00010|10001|00000]
[10000|00000|00010|10001|01000]
[10000|00000|00010|10001|01010]
[10000|00000|00010|10001|00100]
[10000|00000|00010|10001|00010]
[10000|00000|00010|10000|01000]
[10000|00000|00010|10000|01010]
[10000|00000|00010|10000|01001]
[10000|00000|00010|10000|00100]
[10000|00000|00010|10000|00101]
[10000|00000|00010|10000|00010]
[10000|00000|00010|10000|00001]
[10000|00000|00010|01000|00000]
[10000|00000|00010|01001|00000]
[10000|00000|00010|01001|10000]
[10000|00000|00010|01001|10100]
[10000|00000|00010|01001|10010]
[10000|00000|00010|01001|00100]
[10000|00000|00010|01001|00010]
[10000|00000|00010|01000|10000]
[10000|00000|00010|01000|10100]
[10000|00000|00010|01000|10101]
[10000|00000|00010|01000|10010]
[10000|00000|00010|01000|10001]
[10000|00000|00010|01000|00100]
[10000|00000|00010|01000|00101]
[10000|00000|00010|01000|00010]
[10000|00000|00010|01000|00001]
[10000|00000|00010|00100|00000]
[10000|00000|00010|00101|00000]
[10000|00000|00010|00101|10000]
[10000|00000|00010|00101|10010]
[10000|00000|00010|00101|01000]
[10000|00000|00010|00101|01010]
[10000|00000|00010|00101|00010]
[10000|00000|00010|00100|10000]
[10000|00000|00010|00100|10010]
[10000|00000|00010|00100|10001]
[10000|00000|00010|00100|01000]
[10000|00000|00010|00100|01010]
[10000|00000|00010|00100|01001]
[10000|00000|00010|00100|00001]
[10000|00000|00010|00001|00000]
[10000|00000|00010|00001|10000]
[10000|00000|00010|00001|10100]
[10000|00000|00010|00001|10010]
[10000|00000|00010|00001|01000]
[10000|00000|00010|00001|01010]
[10000|00000|00010|00001|00100]
[10000|00000|00010|00001|00010]
[10000|00000|00010|00000|10000]
[10000|00000|00010|00000|10100]
[10000|00000|00010|00000|10101]
[10000|00000|00010|00000|10010]
[10000|00000|00010|00000|10001]
[10000|00000|00010|00000|01000]
[10000|00000|00010|00000|01010]
[10000|00000|00010|00000|01001]
[10000|00000|00010|00000|00100]
[10000|00000|00010|00000|00101]
[10000|00000|00010|00000|00010]
[10000|00000|00001|00000|00000]
[10000|00000|00001|10000|00000]
[10000|00000|00001|10100|00000]
[10000|00000|00001|10100|01000]
[10000|00000|00001|10100|01010]
[10000|00000|00001|10100|01001]
[10000|00000|00001|10100|00010]
[10000|00000|00001|10100|00001]
[10000|00000|00001|10010|00000]
[10000|00000|00001|10010|01000]
[10000|00000|00001|10010|01001]
[10000|00000|00001|10010|00100]
[10000|00000|00001|10010|00101]
[10000|00000|00001|10010|00001]
[10000|00000|00001|10000|01000]
[10000|00000|00001|10000|01010]
[10000|00000|00001|10000|01001]
[10000|00000|00001|10000|00100]
[10000|00000|00001|10000|00101]
[10000|00000|00001|10000|00010]
[10000|00000|00001|10000|00001]
[10000|00000|00001|01000|00000]
[10000|00000|00001|01010|00000]
[10000|00000|00001|01010|10000]
[10000|00000|00001|01010|10100]
[10000|00000|00001|01010|10101]
[10000|00000|00001|01010|10001]
[10000|00000|00001|01010|00100]
[10000|00000|00001|01010|00101]
[10000|00000|00001|01010|00001]
[10000|00000|00001|01000|10000]
[10000|00000|00001|01000|10100]
[10000|00000|00001|01000|10101]
[10000|00000|00001|01000|10010]
[10000|00000|00001|01000|10001]
[10000|00000|00001|01000|00100]
[10000|00000|00001|01000|00101]
[10000|00000|00001|01000|00010]
[10000|00000|00001|01000|00001]
[10000|00000|00001|00010|00000]
[10000|00000|00001|00010|10000]
[10000|00000|00001|00010|10100]
[10000|00000|00001|00010|10101]
[10000|00000|00001|00010|10001]
[10000|00000|00001|00010|01000]
[10000|00000|00001|00010|01001]
[10000|00000|00001|00010|00100]
[10000|00000|00001|00010|00101]
[10000|00000|00001|00010|00001]
[10000|00000|00001|00000|10000]
[10000|00000|00001|00000|10100]
[10000|00000|00001|00000|10101]
[10000|00000|00001|00000|10010]
[10000|00000|00001|00000|10001]
[10000|00000|00001|00000|01000]
[10000|00000|00001|00000|01010]
[10000|00000|00001|00000|01001]
[10000|00000|00001|00000|00100]
[10000|00000|00001|00000|00101]
[10000|00000|00001|00000|00010]
[10000|00000|00000|10000|00000]
[10000|00000|00000|10100|00000]
[10000|00000|00000|10101|00000]
[10000|00000|00000|10101|01000]
[10000|00000|00000|10101|01010]
[10000|00000|00000|10101|00010]
[10000|00000|00000|10100|01000]
[10000|00000|00000|10100|01010]
[10000|00000|00000|10100|00010]
[10000|00000|00000|10010|00000]
[10000|00000|00000|10010|01000]
[10000|00000|00000|10010|01001]
[10000|00000|00000|10010|00100]
[10000|00000|00000|10010|00101]
[10000|00000|00000|10010|00001]
[10000|00000|00000|10001|00000]
[10000|00000|00000|10001|01000]
[10000|00000|00000|10001|01010]
[10000|00000|00000|10001|00100]
[10000|00000|00000|10001|00010]
[10000|00000|00000|10000|01000]
[10000|00000|00000|10000|01010]
[10000|00000|00000|10000|01001]
[10000|00000|00000|10000|00100]
[10000|00000|00000|10000|00010]
[10000|00000|00000|10000|00001]
[10000|00000|00000|01000|00000]
[10000|00000|00000|01010|00000]
[10000|00000|00000|01010|10000]
[10000|00000|00000|01010|10100]
[10000|00000|00000|01010|10101]
[10000|00000|00000|01010|10001]
[10000|00000|00000|01010|00100]
[10000|00000|00000|01010|00101]
[10000|00000|00000|01010|00001]
[10000|00000|00000|01001|00000]
[10000|00000|00000|01001|10000]
[10000|00000|00000|01001|10100]
[10000|00000|00000|01001|10010]
[10000|00000|00000|01001|00100]
[10000|00000|00000|01001|00010]
[10000|00000|00000|01000|10000]
[10000|00000|00000|01000|10100]
[10000|00000|00000|01000|10010]
[10000|00000|00000|01000|10001]
[10000|00000|00000|01000|00100]
[10000|00000|00000|01000|00010]
[10000|00000|00000|01000|00001]
[10000|00000|00000|00010|00000]
[10000|00000|00000|00010|10000]
[10000|00000|00000|00010|10100]
[10000|00000|00000|00010|10101]
[10000|00000|00000|00010|10001]
[10000|00000|00000|00010|01000]
[10000|00000|00000|00010|01001]
[10000|00000|00000|00010|00001]
[10000|00000|00000|00001|00000]
[10000|00000|00000|00001|10000]
[10000|00000|00000|00001|10100]
[10000|00000|00000|00001|10010]
[10000|00000|00000|00001|01000]
[10000|00000|00000|00001|01010]
[10000|00000|00000|00001|00010]
[10000|00000|00000|00000|10000]
[10000|00000|00000|00000|10010]
[10000|00000|00000|00000|10001]
[10000|00000|00000|00000|01000]
[10000|00000|00000|00000|01010]
[10000|00000|00000|00000|00001]
[00000|00000|10000|00000|00000]
[00000|00000|10100|00000|00000]
[00000|00000|10101|00000|00000]
[00000|00000|10101|01000|00000]
[00000|00000|10101|01010|00000]
[00000|00000|10101|01010|00100]
[00000|00000|10101|01000|00100]
[00000|00000|10101|00000|00100]
[00000|00000|10100|01000|00000]
[00000|00000|10100|01010|00000]
[00000|00000|10100|01010|00100]
[00000|00000|10100|01000|00100]
[00000|00000|10100|00010|00000]
[00000|00000|10100|00010|00100]
[00000|00000|10100|00000|00100]
[00000|00000|10010|00000|00000]
[00000|00000|10010|01000|00000]
[00000|00000|10010|01000|00100]
[00000|00000|10010|00100|00000]
[00000|00000|10010|00000|00100]
[00000|00000|10001|00000|00000]
[00000|00000|10001|01000|00000]
[00000|00000|10001|01010|00000]
[00000|00000|10001|01010|00100]
[00000|00000|10001|01000|00100]
[00000|00000|10001|00100|00000]
[00000|00000|10001|00000|00100]
[00000|00000|10000|01000|00000]
[00000|00000|10000|01010|00000]
[00000|00000|10000|01010|00100]
[00000|00000|10000|01000|00100]
[00000|00000|10000|00100|00000]
[00000|00000|10000|00010|00000]
[00000|00000|10000|00010|00100]
[00000|00000|10000|00000|00100]
[00000|00000|01000|00000|00000]
[00000|00000|01010|00000|00000]
[00000|00000|01010|00100|00000]
[00000|00000|01010|00000|00100]
[00000|00000|01000|00100|00000]
[00000|00000|01000|00010|00000]
[00000|00000|01000|00010|00100]
[00000|00000|00100|00000|00000]
[00000|00000|00100|01000|00000]
[00000|00000|00100|01010|00000]
[00000|00000|00100|01010|00100]
[00000|00000|00000|10000|00000]
[00000|00000|00000|01000|00000]
[00000|00000|00000|01010|00000]
[00000|00000|00000|01010|00100]
