[0000|0000|0000|0000]
[1000|0000|0000|0000]
[1010|0000|0000|0000]
[1010|0100|0000|0000]
[1010|0101|0000|0000]
[1010|0101|1000|0000]
[1010|0101|1010|0000]
[1010|0101|1010|0100]
[1010|0101|1010|0101]
[1010|0101|1000|0100]
[1010|0101|1000|0101]
[1010|0101|1000|0010]
[1010|0101|1000|0001]
[1010|0101|0010|0000]
[1010|0101|0010|1000]
[1010|0101|0010|1001]
[1010|0101|0010|0100]
[1010|0101|0010|0101]
[1010|0101|0010|0001]
[1010|0101|0000|1000]
[1010|0101|0000|1010]
[1010|0101|0000|1001]
[1010|0101|0000|0100]
[1010|0101|0000|0101]
[1010|0101|0000|0010]
[1010|0101|0000|0001]
[1010|0100|1000|0000]
[1010|0100|1010|0000]
[1010|0100|1010|0001]
[1010|0100|1001|0000]
[1010|0100|1001|0010]
[1010|0100|1000|0001]
[1010|0100|0010|0000]
[1010|0100|0010|1000]
[1010|0100|0010|1001]
[1010|0100|0010|0100]
[1010|0100|0010|0101]
[1010|0100|0010|0001]
[1010|0100|0001|0000]
[1010|0100|0001|1000]
[1010|0100|0001|1010]
[1010|0100|0001|0100]
[1010|0100|0001|0010]
[1010|0100|0000|1000]
[1010|0100|0000|1010]
[1010|0100|0000|1001]
[1010|0100|0000|0100]
[1010|0100|0000|0010]
[1010|0001|0000|0000]
[1010|0001|1000|0000]
[1010|0001|1010|0000]
[1010|0001|1010|0100]
[1010|0001|1000|0100]
[1010|0001|1000|0101]
[1010|0001|1000|0010]
[1010|0001|0100|0000]
[1010|0001|0100|1000]
[1010|0001|0100|1001]
[1010|0001|0100|0010]
[1010|0001|0100|0001]
[1010|0001|0010|0000]
[1010|0001|0010|1000]
[1010|0001|0010|0100]
[1010|0001|0000|0100]
[1010|0001|0000|0101]
[1010|0001|0000|0010]
[1010|0001|0000|0001]
[1010|0000|1000|0000]
[1010|0000|1010|0000]
[1010|0000|1010|0001]
[1010|0000|1001|0000]
[1010|0000|1001|0010]
[1010|0000|1000|0001]
[1010|0000|0100|0000]
[1010|0000|0101|0000]
[1010|0000|0101|1000]
[1010|0000|0101|0010]
[1010|0000|0100|1000]
[1010|0000|0100|1001]
[1010|0000|0100|0010]
[1010|0000|0100|0001]
[1010|0000|0010|0000]
[1010|0000|0010|1000]
[1010|0000|0010|1001]
[1010|0000|0010|0100]
[1010|0000|0010|0101]
[1010|0000|0010|0001]
[1010|0000|0001|0000]
[1010|0000|0001|1000]
[1010|0000|0001|1010]
[1010|0000|0001|0100]
[1010|0000|0001|0010]
[1010|0000|0000|0100]
[1010|0000|0000|0101]
[1010|0000|0000|0010]
[1000|0100|0000|0000]
[1000|0100|0010|0000]
[1000|0100|0010|0100]
[1000|0100|0010|0001]
[1000|0100|0001|0000]
[1000|0100|0001|0100]
[1000|0100|0001|0010]
[1000|0100|0000|0100]
[1000|0010|0000|0000]
[1000|0010|0100|0000]
[1000|0010|0101|0000]
[1000|0010|0101|0010]
[1000|0010|0100|0001]
[1000|0010|0001|0000]
[1000|0010|0001|0100]
[1000|0010|0001|0010]
[1000|0010|0000|0100]
[1000|0010|0000|0010]
[1000|0010|0000|0001]
[1000|0000|0010|0000]
[1000|0000|0010|1000]
[1000|0000|0010|1001]
[1000|0000|0010|0100]
[1000|0000|0010|0101]
[1000|0000|0010|0001]
[1000|0000|0001|0000]
[1000|0000|0001|1000]
[1000|0000|0001|1010]
[1000|0000|0001|0100]
[1000|0000|0001|0010]
[1000|0000|0000|1000]
[1000|0000|0000|1010]
[1000|0000|0000|1001]
[1000|0000|0000|0100]
[1000|0000|0000|0101]
[1000|0000|0000|0001]
[0000|0000|0010|0000]
[0000|0000|0001|0000]
